,WQI,WGI_d,all_chem,Soda_Ash,Liquid_Chlorine,Liquid_Polyaluminium_Chloride,Hydrated_Lime,Aluminium_Sulphate,wtp
WQI,1.0,0.21326979121896503,-0.48940635541165706,-0.4127109517052041,-0.23617347193940377,,,-0.4295575634436531,Batang Kali
WGI_d,0.21326979121896503,1.0,-0.39513921575806626,-0.42883603168704904,-0.10973996178378946,,,-0.32859855516636094,Batang Kali
all_chem,-0.48940635541165706,-0.39513921575806626,1.0,0.7257527692437417,0.556691665165261,,,0.9071230318907635,Batang Kali
Soda_Ash,-0.4127109517052041,-0.42883603168704904,0.7257527692437417,1.0,0.5703527837025544,,,0.41140736976899833,Batang Kali
Liquid_Chlorine,-0.23617347193940377,-0.10973996178378946,0.556691665165261,0.5703527837025544,1.0,,,0.2435642691390353,Batang Kali
Liquid_Polyaluminium_Chloride,,,,,,,,,Batang Kali
Hydrated_Lime,,,,,,,,,Batang Kali
Aluminium_Sulphate,-0.4295575634436531,-0.32859855516636094,0.9071230318907635,0.41140736976899833,0.2435642691390353,,,1.0,Batang Kali
WQI,1.0,0.44589161072075345,-0.7123895867541257,-0.6856049542354538,-0.17849529913315054,,,-0.5075830198709146,Kuala Kubu Bharu
WGI_d,0.44589161072075345,1.0,-0.6088730608092875,-0.5489225717210933,-0.07927144991758718,,,-0.6924249355297457,Kuala Kubu Bharu
all_chem,-0.7123895867541257,-0.6088730608092875,1.0,0.9922434411659584,0.1419356469081201,,,0.5130241373876322,Kuala Kubu Bharu
Soda_Ash,-0.6856049542354538,-0.5489225717210933,0.9922434411659584,1.0,0.1460690267887541,,,0.4025339277939887,Kuala Kubu Bharu
Liquid_Chlorine,-0.17849529913315054,-0.07927144991758718,0.1419356469081201,0.1460690267887541,1.0,,,-0.014363937184141964,Kuala Kubu Bharu
Liquid_Polyaluminium_Chloride,,,,,,,,,Kuala Kubu Bharu
Hydrated_Lime,,,,,,,,,Kuala Kubu Bharu
Aluminium_Sulphate,-0.5075830198709146,-0.6924249355297457,0.5130241373876322,0.4025339277939887,-0.014363937184141964,,,1.0,Kuala Kubu Bharu
WQI,1.0,0.05511038829541096,-0.21505658552077353,,0.08605512936482629,-0.0918975580669429,-0.2430834803139168,,Rantau Panjang New
WGI_d,0.05511038829541096,1.0,-0.6593405999287502,,-0.12260234114361064,-0.7550397292495321,-0.12471385812388508,,Rantau Panjang New
all_chem,-0.21505658552077353,-0.6593405999287502,1.0,,0.5075994148533498,0.7721267942376332,0.608841190756772,,Rantau Panjang New
Soda_Ash,,,,,,,,,Rantau Panjang New
Liquid_Chlorine,0.08605512936482629,-0.12260234114361064,0.5075994148533498,,1.0,0.46027202753685503,0.1433705141074786,,Rantau Panjang New
Liquid_Polyaluminium_Chloride,-0.0918975580669429,-0.7550397292495321,0.7721267942376332,,0.46027202753685503,1.0,-0.030403059233522534,,Rantau Panjang New
Hydrated_Lime,-0.2430834803139168,-0.12471385812388508,0.608841190756772,,0.1433705141074786,-0.030403059233522534,1.0,,Rantau Panjang New
Aluminium_Sulphate,,,,,,,,,Rantau Panjang New
WQI,1.0,0.4246901023954721,0.02601999688122316,,-0.26302077624409725,0.0728814040873797,-0.16814285439426985,,Rantau Panjang Old
WGI_d,0.4246901023954721,1.0,-0.165305033593524,,-0.014365333201410133,-0.16596597336091534,-0.08014234725598607,,Rantau Panjang Old
all_chem,0.02601999688122316,-0.165305033593524,1.0,,0.463274487681226,0.9853285776973454,0.25470844746129606,,Rantau Panjang Old
Soda_Ash,,,,,,,,,Rantau Panjang Old
Liquid_Chlorine,-0.26302077624409725,-0.014365333201410133,0.463274487681226,,1.0,0.3214592085738469,0.6183483662943686,,Rantau Panjang Old
Liquid_Polyaluminium_Chloride,0.0728814040873797,-0.16596597336091534,0.9853285776973454,,0.3214592085738469,1.0,0.1045692873879152,,Rantau Panjang Old
Hydrated_Lime,-0.16814285439426985,-0.08014234725598607,0.25470844746129606,,0.6183483662943686,0.1045692873879152,1.0,,Rantau Panjang Old
Aluminium_Sulphate,,,,,,,,,Rantau Panjang Old
WQI,1.0,0.261497126274118,-0.1824588469998143,,-0.34664303119854806,-0.12383762611709295,-0.05583265287545991,,Rasa
WGI_d,0.261497126274118,1.0,0.2163639709584591,,-0.05693113668712849,0.28364750217362894,-0.25554454538184884,,Rasa
all_chem,-0.1824588469998143,0.2163639709584591,1.0,,0.3020302384565141,0.968584985998739,0.5433945591467914,,Rasa
Soda_Ash,,,,,,,,,Rasa
Liquid_Chlorine,-0.34664303119854806,-0.05693113668712849,0.3020302384565141,,1.0,0.0782290579391901,0.4019005518061801,,Rasa
Liquid_Polyaluminium_Chloride,-0.12383762611709295,0.28364750217362894,0.968584985998739,,0.0782290579391901,1.0,0.3850316819616112,,Rasa
Hydrated_Lime,-0.05583265287545991,-0.25554454538184884,0.5433945591467914,,0.4019005518061801,0.3850316819616112,1.0,,Rasa
Aluminium_Sulphate,,,,,,,,,Rasa
WQI,1.0,0.019667278661210836,0.08087119344915372,-0.023557627439676643,0.10291158117811312,,0.033255666526909027,-0.04149247340198348,Sungai Rangkap
WGI_d,0.019667278661210836,1.0,-0.2045794006181263,-0.45303292104077414,0.029665590269585367,,-0.13578876753617372,-0.4181734864606815,Sungai Rangkap
all_chem,0.08087119344915372,-0.2045794006181263,1.0,0.3043765239979772,0.7850206729829851,,0.5127605832060559,0.4170135706429588,Sungai Rangkap
Soda_Ash,-0.023557627439676643,-0.45303292104077414,0.3043765239979772,1.0,-0.2135056248526435,,0.44625343524901595,0.7872440055891192,Sungai Rangkap
Liquid_Chlorine,0.10291158117811312,0.029665590269585367,0.7850206729829851,-0.2135056248526435,1.0,,-0.001945662297206454,-0.20455749135090479,Sungai Rangkap
Liquid_Polyaluminium_Chloride,,,,,,,,,Sungai Rangkap
Hydrated_Lime,0.033255666526909027,-0.13578876753617372,0.5127605832060559,0.44625343524901595,-0.001945662297206454,,1.0,0.6212831801636257,Sungai Rangkap
Aluminium_Sulphate,-0.04149247340198348,-0.4181734864606815,0.4170135706429588,0.7872440055891192,-0.20455749135090479,,0.6212831801636257,1.0,Sungai Rangkap
WQI,1.0,0.06698527948094084,-0.3419655374372197,,0.20800094265617325,-0.33174447650008315,-0.360781039501017,,Sungai Selangor Fasa 1
WGI_d,0.06698527948094084,1.0,-0.4649946543419362,,-0.45254585733762026,-0.4556771778400212,-0.03861718961712079,,Sungai Selangor Fasa 1
all_chem,-0.3419655374372197,-0.4649946543419362,1.0,,0.3012714941568921,0.9890809217029066,0.3860720904664608,,Sungai Selangor Fasa 1
Soda_Ash,,,,,,,,,Sungai Selangor Fasa 1
Liquid_Chlorine,0.20800094265617325,-0.45254585733762026,0.3012714941568921,,1.0,0.19904290884093057,0.4220232034546894,,Sungai Selangor Fasa 1
Liquid_Polyaluminium_Chloride,-0.33174447650008315,-0.4556771778400212,0.9890809217029066,,0.19904290884093057,1.0,0.2580671669491416,,Sungai Selangor Fasa 1
Hydrated_Lime,-0.360781039501017,-0.03861718961712079,0.3860720904664608,,0.4220232034546894,0.2580671669491416,1.0,,Sungai Selangor Fasa 1
Aluminium_Sulphate,,,,,,,,,Sungai Selangor Fasa 1
WQI,1.0,-0.3020252189686532,-0.13558320348443592,,-0.19461073705241388,0.19996729135590635,0.06060518260224559,-0.18925848938500306,Sungai Selangor Fasa 2 Stream C
WGI_d,-0.3020252189686532,1.0,-0.07194432729213564,,0.0350221363283189,-0.24305577278628743,-0.22312660810413665,0.13119776855890028,Sungai Selangor Fasa 2 Stream C
all_chem,-0.13558320348443592,-0.07194432729213564,1.0,,0.351203667455227,-0.746772686573431,0.3984801149102669,0.8593664705813026,Sungai Selangor Fasa 2 Stream C
Soda_Ash,,,,,,,,,Sungai Selangor Fasa 2 Stream C
Liquid_Chlorine,-0.19461073705241388,0.0350221363283189,0.351203667455227,,1.0,-0.10722211583438944,0.08355592772835559,0.2174476892376961,Sungai Selangor Fasa 2 Stream C
Liquid_Polyaluminium_Chloride,0.19996729135590635,-0.24305577278628743,-0.746772686573431,,-0.10722211583438944,1.0,0.15156852882835808,-0.9701712154060269,Sungai Selangor Fasa 2 Stream C
Hydrated_Lime,0.06060518260224559,-0.22312660810413665,0.3984801149102669,,0.08355592772835559,0.15156852882835808,1.0,-0.07276373679357373,Sungai Selangor Fasa 2 Stream C
Aluminium_Sulphate,-0.18925848938500306,0.13119776855890028,0.8593664705813026,,0.2174476892376961,-0.9701712154060269,-0.07276373679357373,1.0,Sungai Selangor Fasa 2 Stream C
WQI,1.0,-0.2998809001755703,0.08655685695672555,,-0.019641672569556092,,0.0866555579082209,0.028098928932792106,Sungai Selangor Fasa 2 Stream D
WGI_d,-0.2998809001755703,1.0,-0.4270462157928667,,-0.301767748565332,,-0.3231151207997251,-0.4604917512477719,Sungai Selangor Fasa 2 Stream D
all_chem,0.08655685695672555,-0.4270462157928667,1.0,,0.9179447167729516,,0.8586109035308237,0.9384313306279517,Sungai Selangor Fasa 2 Stream D
Soda_Ash,,,,,,,,,Sungai Selangor Fasa 2 Stream D
Liquid_Chlorine,-0.019641672569556092,-0.301767748565332,0.9179447167729516,,1.0,,0.6382325389137355,0.9408513996911569,Sungai Selangor Fasa 2 Stream D
Liquid_Polyaluminium_Chloride,,,,,,,,,Sungai Selangor Fasa 2 Stream D
Hydrated_Lime,0.0866555579082209,-0.3231151207997251,0.8586109035308237,,0.6382325389137355,,1.0,0.6325725114419145,Sungai Selangor Fasa 2 Stream D
Aluminium_Sulphate,0.028098928932792106,-0.4604917512477719,0.9384313306279517,,0.9408513996911569,,0.6325725114419145,1.0,Sungai Selangor Fasa 2 Stream D
WQI,1.0,0.1405686876911453,-0.5727649210338869,,-0.28607287798318715,-0.5750252535440052,-0.057829231517440134,,Sungai Selangor Fasa 3 Stage 1
WGI_d,0.1405686876911453,1.0,-0.32876949474779993,,0.07130372664497824,-0.30942509351311404,-0.8013831239751693,,Sungai Selangor Fasa 3 Stage 1
all_chem,-0.5727649210338869,-0.32876949474779993,1.0,,0.10821943537571135,0.9994287094891123,0.4235167349192565,,Sungai Selangor Fasa 3 Stage 1
Soda_Ash,,,,,,,,,Sungai Selangor Fasa 3 Stage 1
Liquid_Chlorine,-0.28607287798318715,0.07130372664497824,0.10821943537571135,,1.0,0.0890866057972764,0.20736763458789306,,Sungai Selangor Fasa 3 Stage 1
Liquid_Polyaluminium_Chloride,-0.5750252535440052,-0.30942509351311404,0.9994287094891123,,0.0890866057972764,1.0,0.39535993448417706,,Sungai Selangor Fasa 3 Stage 1
Hydrated_Lime,-0.057829231517440134,-0.8013831239751693,0.4235167349192565,,0.20736763458789306,0.39535993448417706,1.0,,Sungai Selangor Fasa 3 Stage 1
Aluminium_Sulphate,,,,,,,,,Sungai Selangor Fasa 3 Stage 1
WQI,1.0,0.1405686876911453,0.07431874738256573,,-0.003479411708119597,0.1044087048656908,-0.11522269266506802,,Sungai Selangor Fasa 3 Stage 2
WGI_d,0.1405686876911453,1.0,-0.29097353777815077,,0.2826988603101907,-0.26306634529635214,-0.5512446588063706,,Sungai Selangor Fasa 3 Stage 2
all_chem,0.07431874738256573,-0.29097353777815077,1.0,,0.1610507053435513,0.9808884358478631,0.3712272891843618,,Sungai Selangor Fasa 3 Stage 2
Soda_Ash,,,,,,,,,Sungai Selangor Fasa 3 Stage 2
Liquid_Chlorine,-0.003479411708119597,0.2826988603101907,0.1610507053435513,,1.0,0.051361738147382215,-0.38270251040538406,,Sungai Selangor Fasa 3 Stage 2
Liquid_Polyaluminium_Chloride,0.1044087048656908,-0.26306634529635214,0.9808884358478631,,0.051361738147382215,1.0,0.28097319350277755,,Sungai Selangor Fasa 3 Stage 2
Hydrated_Lime,-0.11522269266506802,-0.5512446588063706,0.3712272891843618,,-0.38270251040538406,0.28097319350277755,1.0,,Sungai Selangor Fasa 3 Stage 2
Aluminium_Sulphate,,,,,,,,,Sungai Selangor Fasa 3 Stage 2
